Author: Ori Weiss
Date: 4/17/2018


"C:\Program Files\Java\jdk1.8.0_161\bin\java" "-javaagent:C:\Program Files (x86)\IntelliJ IDEA 2017.3.3\lib\idea_rt.jar=55865:C:\Program Files (x86)\IntelliJ IDEA 2017.3.3\bin" -Dfile.encoding=UTF-8 -classpath "C:\Program Files\Java\jdk1.8.0_161\jre\lib\charsets.jar;C:\Program Files\Java\jdk1.8.0_161\jre\lib\deploy.jar;C:\Program Files\Java\jdk1.8.0_161\jre\lib\ext\access-bridge-64.jar;C:\Program Files\Java\jdk1.8.0_161\jre\lib\ext\cldrdata.jar;C:\Program Files\Java\jdk1.8.0_161\jre\lib\ext\dnsns.jar;C:\Program Files\Java\jdk1.8.0_161\jre\lib\ext\jaccess.jar;C:\Program Files\Java\jdk1.8.0_161\jre\lib\ext\jfxrt.jar;C:\Program Files\Java\jdk1.8.0_161\jre\lib\ext\localedata.jar;C:\Program Files\Java\jdk1.8.0_161\jre\lib\ext\nashorn.jar;C:\Program Files\Java\jdk1.8.0_161\jre\lib\ext\sunec.jar;C:\Program Files\Java\jdk1.8.0_161\jre\lib\ext\sunjce_provider.jar;C:\Program Files\Java\jdk1.8.0_161\jre\lib\ext\sunmscapi.jar;C:\Program Files\Java\jdk1.8.0_161\jre\lib\ext\sunpkcs11.jar;C:\Program Files\Java\jdk1.8.0_161\jre\lib\ext\zipfs.jar;C:\Program Files\Java\jdk1.8.0_161\jre\lib\javaws.jar;C:\Program Files\Java\jdk1.8.0_161\jre\lib\jce.jar;C:\Program Files\Java\jdk1.8.0_161\jre\lib\jfr.jar;C:\Program Files\Java\jdk1.8.0_161\jre\lib\jfxswt.jar;C:\Program Files\Java\jdk1.8.0_161\jre\lib\jsse.jar;C:\Program Files\Java\jdk1.8.0_161\jre\lib\management-agent.jar;C:\Program Files\Java\jdk1.8.0_161\jre\lib\plugin.jar;C:\Program Files\Java\jdk1.8.0_161\jre\lib\resources.jar;C:\Program Files\Java\jdk1.8.0_161\jre\lib\rt.jar;C:\Users\Ori's Lenovo\Desktop\School\comp_151\lab_11\out\production\lab_11" Lab11.PlayBingo
---> Setting up bingo game.
Enter number of players.
4
---> Starting the game with 4 players:
     *********************************

---> Creating bingo card for Player 1
B   4  5  9 10 13
I  16 17 20 26 30
N  32 35 36 37 43
G  46 49 50 52 59
O  61 63 66 69 73

---> Creating bingo card for Player 2
B   2  7 13 14 15
I  17 24 27 28 29
N  31 32 38 40 43
G  46 47 53 55 56
O  63 64 67 74 75

---> Creating bingo card for Player 3
B   5  7  8  9 13
I  17 21 22 24 26
N  31 32 33 35 36
G  46 50 52 57 60
O  62 66 68 69 75

---> Creating bingo card for Player 4
B   1  2  7 10 12
I  17 19 21 22 30
N  32 34 36 39 44
G  49 52 54 56 58
O  62 66 69 73 75

---> Calling: G 49
B   4  5  9 10 13
I  16 17 20 26 30
N  32 35 36 37 43
G   0 46 49 50 52 59
O  61 63 66 69 73

B   2  7 13 14 15
I  17 24 27 28 29
N  31 32 38 40 43
G  46 47 53 55 56
O  63 64 67 74 75

B   5  7  8  9 13
I  17 21 22 24 26
N  31 32 33 35 36
G  46 50 52 57 60
O  62 66 68 69 75

B   1  2  7 10 12
I  17 19 21 22 30
N  32 34 36 39 44
G   0 49 52 54 56 58
O  62 66 69 73 75

---> Calling: B 6
B   4  5  9 10 13
I  16 17 20 26 30
N  32 35 36 37 43
G   0 46 49 50 52 59
O  61 63 66 69 73

B   2  7 13 14 15
I  17 24 27 28 29
N  31 32 38 40 43
G  46 47 53 55 56
O  63 64 67 74 75

B   5  7  8  9 13
I  17 21 22 24 26
N  31 32 33 35 36
G  46 50 52 57 60
O  62 66 68 69 75

B   1  2  7 10 12
I  17 19 21 22 30
N  32 34 36 39 44
G   0 49 52 54 56 58
O  62 66 69 73 75

---> Calling: G 54
B   4  5  9 10 13
I  16 17 20 26 30
N  32 35 36 37 43
G   0 46 49 50 52 59
O  61 63 66 69 73

B   2  7 13 14 15
I  17 24 27 28 29
N  31 32 38 40 43
G  46 47 53 55 56
O  63 64 67 74 75

B   5  7  8  9 13
I  17 21 22 24 26
N  31 32 33 35 36
G  46 50 52 57 60
O  62 66 68 69 75

B   1  2  7 10 12
I  17 19 21 22 30
N  32 34 36 39 44
G   0 49 52 54 56 58
O  62 66 69 73 75

---> Calling: N 39
B   4  5  9 10 13
I  16 17 20 26 30
N  32 35 36 37 43
G   0 46 49 50 52 59
O  61 63 66 69 73

B   2  7 13 14 15
I  17 24 27 28 29
N  31 32 38 40 43
G  46 47 53 55 56
O  63 64 67 74 75

B   5  7  8  9 13
I  17 21 22 24 26
N  31 32 33 35 36
G  46 50 52 57 60
O  62 66 68 69 75

B   1  2  7 10 12
I  17 19 21 22 30
N   0 32 34 36 39 44
G   0 49 52 54 56 58
O  62 66 69 73 75

---> Calling: I 30
B   4  5  9 10 13
I   0 16 17 20 26 30
N  32 35 36 37 43
G   0 46 49 50 52 59
O  61 63 66 69 73

B   2  7 13 14 15
I  17 24 27 28 29
N  31 32 38 40 43
G  46 47 53 55 56
O  63 64 67 74 75

B   5  7  8  9 13
I  17 21 22 24 26
N  31 32 33 35 36
G  46 50 52 57 60
O  62 66 68 69 75

B   1  2  7 10 12
I   0 17 19 21 22 30
N   0 32 34 36 39 44
G   0 49 52 54 56 58
O  62 66 69 73 75

---> Calling: G 47
B   4  5  9 10 13
I   0 16 17 20 26 30
N  32 35 36 37 43
G   0 46 49 50 52 59
O  61 63 66 69 73

B   2  7 13 14 15
I  17 24 27 28 29
N  31 32 38 40 43
G   0 46 47 53 55 56
O  63 64 67 74 75

B   5  7  8  9 13
I  17 21 22 24 26
N  31 32 33 35 36
G  46 50 52 57 60
O  62 66 68 69 75

B   1  2  7 10 12
I   0 17 19 21 22 30
N   0 32 34 36 39 44
G   0 49 52 54 56 58
O  62 66 69 73 75

---> Calling: I 29
B   4  5  9 10 13
I   0 16 17 20 26 30
N  32 35 36 37 43
G   0 46 49 50 52 59
O  61 63 66 69 73

B   2  7 13 14 15
I   0 17 24 27 28 29
N  31 32 38 40 43
G   0 46 47 53 55 56
O  63 64 67 74 75

B   5  7  8  9 13
I  17 21 22 24 26
N  31 32 33 35 36
G  46 50 52 57 60
O  62 66 68 69 75

B   1  2  7 10 12
I   0 17 19 21 22 30
N   0 32 34 36 39 44
G   0 49 52 54 56 58
O  62 66 69 73 75

---> Calling: G 47
B   4  5  9 10 13
I   0 16 17 20 26 30
N  32 35 36 37 43
G   0 46 49 50 52 59
O  61 63 66 69 73

B   2  7 13 14 15
I   0 17 24 27 28 29
N  31 32 38 40 43
G   0 46 47 53 55 56
O  63 64 67 74 75

B   5  7  8  9 13
I  17 21 22 24 26
N  31 32 33 35 36
G  46 50 52 57 60
O  62 66 68 69 75

B   1  2  7 10 12
I   0 17 19 21 22 30
N   0 32 34 36 39 44
G   0 49 52 54 56 58
O  62 66 69 73 75

---> Calling: O 70
B   4  5  9 10 13
I   0 16 17 20 26 30
N  32 35 36 37 43
G   0 46 49 50 52 59
O  61 63 66 69 73

B   2  7 13 14 15
I   0 17 24 27 28 29
N  31 32 38 40 43
G   0 46 47 53 55 56
O  63 64 67 74 75

B   5  7  8  9 13
I  17 21 22 24 26
N  31 32 33 35 36
G  46 50 52 57 60
O  62 66 68 69 75

B   1  2  7 10 12
I   0 17 19 21 22 30
N   0 32 34 36 39 44
G   0 49 52 54 56 58
O  62 66 69 73 75

---> Calling: O 61
B   4  5  9 10 13
I   0 16 17 20 26 30
N  32 35 36 37 43
G   0 46 49 50 52 59
O   0 61 63 66 69 73

B   2  7 13 14 15
I   0 17 24 27 28 29
N  31 32 38 40 43
G   0 46 47 53 55 56
O  63 64 67 74 75

B   5  7  8  9 13
I  17 21 22 24 26
N  31 32 33 35 36
G  46 50 52 57 60
O  62 66 68 69 75

B   1  2  7 10 12
I   0 17 19 21 22 30
N   0 32 34 36 39 44
G   0 49 52 54 56 58
O  62 66 69 73 75

---> Calling: O 73
B   4  5  9 10 13
I   0 16 17 20 26 30
N  32 35 36 37 43
G   0 46 49 50 52 59
O   0 61 63 66 69 73

B   2  7 13 14 15
I   0 17 24 27 28 29
N  31 32 38 40 43
G   0 46 47 53 55 56
O  63 64 67 74 75

B   5  7  8  9 13
I  17 21 22 24 26
N  31 32 33 35 36
G  46 50 52 57 60
O  62 66 68 69 75

B   1  2  7 10 12
I   0 17 19 21 22 30
N   0 32 34 36 39 44
G   0 49 52 54 56 58
O   0 62 66 69 73 75

---> Calling: B 13
B   0  4  5  9 10 13
I   0 16 17 20 26 30
N  32 35 36 37 43
G   0 46 49 50 52 59
O   0 61 63 66 69 73

B   0  2  7 13 14 15
I   0 17 24 27 28 29
N  31 32 38 40 43
G   0 46 47 53 55 56
O  63 64 67 74 75

B   0  5  7  8  9 13
I  17 21 22 24 26
N  31 32 33 35 36
G  46 50 52 57 60
O  62 66 68 69 75

B   1  2  7 10 12
I   0 17 19 21 22 30
N   0 32 34 36 39 44
G   0 49 52 54 56 58
O   0 62 66 69 73 75

---> Calling: I 22
B   0  4  5  9 10 13
I   0 16 17 20 26 30
N  32 35 36 37 43
G   0 46 49 50 52 59
O   0 61 63 66 69 73

B   0  2  7 13 14 15
I   0 17 24 27 28 29
N  31 32 38 40 43
G   0 46 47 53 55 56
O  63 64 67 74 75

B   0  5  7  8  9 13
I   0 17 21 22 24 26
N  31 32 33 35 36
G  46 50 52 57 60
O  62 66 68 69 75

B   1  2  7 10 12
I   0 17 19 21 22 30
N   0 32 34 36 39 44
G   0 49 52 54 56 58
O   0 62 66 69 73 75

---> Calling: O 64
B   0  4  5  9 10 13
I   0 16 17 20 26 30
N  32 35 36 37 43
G   0 46 49 50 52 59
O   0 61 63 66 69 73

B   0  2  7 13 14 15
I   0 17 24 27 28 29
N  31 32 38 40 43
G   0 46 47 53 55 56
O   0 63 64 67 74 75

B   0  5  7  8  9 13
I   0 17 21 22 24 26
N  31 32 33 35 36
G  46 50 52 57 60
O  62 66 68 69 75

B   1  2  7 10 12
I   0 17 19 21 22 30
N   0 32 34 36 39 44
G   0 49 52 54 56 58
O   0 62 66 69 73 75

---> Calling: N 36
B   0  4  5  9 10 13
I   0 16 17 20 26 30
N   0 32 35 36 37 43
G   0 46 49 50 52 59
O   0 61 63 66 69 73

B   0  2  7 13 14 15
I   0 17 24 27 28 29
N  31 32 38 40 43
G   0 46 47 53 55 56
O   0 63 64 67 74 75

B   0  5  7  8  9 13
I   0 17 21 22 24 26
N   0 31 32 33 35 36
G  46 50 52 57 60
O  62 66 68 69 75

B   1  2  7 10 12
I   0 17 19 21 22 30
N   0 32 34 36 39 44
G   0 49 52 54 56 58
O   0 62 66 69 73 75

!!! Player 01 says BINGO !!!
15 chips were called.

Process finished with exit code 0


******TEST 2*******

"C:\Program Files\Java\jdk1.8.0_161\bin\java" "-javaagent:C:\Program Files (x86)\IntelliJ IDEA 2017.3.3\lib\idea_rt.jar=55870:C:\Program Files (x86)\IntelliJ IDEA 2017.3.3\bin" -Dfile.encoding=UTF-8 -classpath "C:\Program Files\Java\jdk1.8.0_161\jre\lib\charsets.jar;C:\Program Files\Java\jdk1.8.0_161\jre\lib\deploy.jar;C:\Program Files\Java\jdk1.8.0_161\jre\lib\ext\access-bridge-64.jar;C:\Program Files\Java\jdk1.8.0_161\jre\lib\ext\cldrdata.jar;C:\Program Files\Java\jdk1.8.0_161\jre\lib\ext\dnsns.jar;C:\Program Files\Java\jdk1.8.0_161\jre\lib\ext\jaccess.jar;C:\Program Files\Java\jdk1.8.0_161\jre\lib\ext\jfxrt.jar;C:\Program Files\Java\jdk1.8.0_161\jre\lib\ext\localedata.jar;C:\Program Files\Java\jdk1.8.0_161\jre\lib\ext\nashorn.jar;C:\Program Files\Java\jdk1.8.0_161\jre\lib\ext\sunec.jar;C:\Program Files\Java\jdk1.8.0_161\jre\lib\ext\sunjce_provider.jar;C:\Program Files\Java\jdk1.8.0_161\jre\lib\ext\sunmscapi.jar;C:\Program Files\Java\jdk1.8.0_161\jre\lib\ext\sunpkcs11.jar;C:\Program Files\Java\jdk1.8.0_161\jre\lib\ext\zipfs.jar;C:\Program Files\Java\jdk1.8.0_161\jre\lib\javaws.jar;C:\Program Files\Java\jdk1.8.0_161\jre\lib\jce.jar;C:\Program Files\Java\jdk1.8.0_161\jre\lib\jfr.jar;C:\Program Files\Java\jdk1.8.0_161\jre\lib\jfxswt.jar;C:\Program Files\Java\jdk1.8.0_161\jre\lib\jsse.jar;C:\Program Files\Java\jdk1.8.0_161\jre\lib\management-agent.jar;C:\Program Files\Java\jdk1.8.0_161\jre\lib\plugin.jar;C:\Program Files\Java\jdk1.8.0_161\jre\lib\resources.jar;C:\Program Files\Java\jdk1.8.0_161\jre\lib\rt.jar;C:\Users\Ori's Lenovo\Desktop\School\comp_151\lab_11\out\production\lab_11" Lab11.PlayBingo
---> Setting up bingo game.
Enter number of players.
4
---> Starting the game with 4 players:
     *********************************

---> Creating bingo card for Player 1
B   2  3 11 12 14
I  17 23 27 28 30
N  33 34 42 43 45
G  46 52 53 54 60
O  63 64 70 72 74

---> Creating bingo card for Player 2
B   1  2 13 14 15
I  20 22 24 25 30
N  31 33 35 40 41
G  46 52 54 57 58
O  61 65 69 70 75

---> Creating bingo card for Player 3
B   3  5  6 11 14
I  16 24 26 28 29
N  34 36 41 43 44
G  47 54 55 58 60
O  61 66 67 72 74

---> Creating bingo card for Player 4
B   2  3  8 12 15
I  17 18 20 23 25
N  31 36 39 43 45
G  50 54 55 58 60
O  62 66 71 73 75

---> Calling: B 11
B   0  2  3 11 12 14
I  17 23 27 28 30
N  33 34 42 43 45
G  46 52 53 54 60
O  63 64 70 72 74

B   1  2 13 14 15
I  20 22 24 25 30
N  31 33 35 40 41
G  46 52 54 57 58
O  61 65 69 70 75

B   0  3  5  6 11 14
I  16 24 26 28 29
N  34 36 41 43 44
G  47 54 55 58 60
O  61 66 67 72 74

B   2  3  8 12 15
I  17 18 20 23 25
N  31 36 39 43 45
G  50 54 55 58 60
O  62 66 71 73 75

---> Calling: G 54
B   0  2  3 11 12 14
I  17 23 27 28 30
N  33 34 42 43 45
G   0 46 52 53 54 60
O  63 64 70 72 74

B   1  2 13 14 15
I  20 22 24 25 30
N  31 33 35 40 41
G   0 46 52 54 57 58
O  61 65 69 70 75

B   0  3  5  6 11 14
I  16 24 26 28 29
N  34 36 41 43 44
G   0 47 54 55 58 60
O  61 66 67 72 74

B   2  3  8 12 15
I  17 18 20 23 25
N  31 36 39 43 45
G   0 50 54 55 58 60
O  62 66 71 73 75

---> Calling: N 43
B   0  2  3 11 12 14
I  17 23 27 28 30
N   0 33 34 42 43 45
G   0 46 52 53 54 60
O  63 64 70 72 74

B   1  2 13 14 15
I  20 22 24 25 30
N  31 33 35 40 41
G   0 46 52 54 57 58
O  61 65 69 70 75

B   0  3  5  6 11 14
I  16 24 26 28 29
N   0 34 36 41 43 44
G   0 47 54 55 58 60
O  61 66 67 72 74

B   2  3  8 12 15
I  17 18 20 23 25
N   0 31 36 39 43 45
G   0 50 54 55 58 60
O  62 66 71 73 75

---> Calling: G 46
B   0  2  3 11 12 14
I  17 23 27 28 30
N   0 33 34 42 43 45
G   0 46 52 53 54 60
O  63 64 70 72 74

B   1  2 13 14 15
I  20 22 24 25 30
N  31 33 35 40 41
G   0 46 52 54 57 58
O  61 65 69 70 75

B   0  3  5  6 11 14
I  16 24 26 28 29
N   0 34 36 41 43 44
G   0 47 54 55 58 60
O  61 66 67 72 74

B   2  3  8 12 15
I  17 18 20 23 25
N   0 31 36 39 43 45
G   0 50 54 55 58 60
O  62 66 71 73 75

---> Calling: G 49
B   0  2  3 11 12 14
I  17 23 27 28 30
N   0 33 34 42 43 45
G   0 46 52 53 54 60
O  63 64 70 72 74

B   1  2 13 14 15
I  20 22 24 25 30
N  31 33 35 40 41
G   0 46 52 54 57 58
O  61 65 69 70 75

B   0  3  5  6 11 14
I  16 24 26 28 29
N   0 34 36 41 43 44
G   0 47 54 55 58 60
O  61 66 67 72 74

B   2  3  8 12 15
I  17 18 20 23 25
N   0 31 36 39 43 45
G   0 50 54 55 58 60
O  62 66 71 73 75

---> Calling: B 13
B   0  2  3 11 12 14
I  17 23 27 28 30
N   0 33 34 42 43 45
G   0 46 52 53 54 60
O  63 64 70 72 74

B   0  1  2 13 14 15
I  20 22 24 25 30
N  31 33 35 40 41
G   0 46 52 54 57 58
O  61 65 69 70 75

B   0  3  5  6 11 14
I  16 24 26 28 29
N   0 34 36 41 43 44
G   0 47 54 55 58 60
O  61 66 67 72 74

B   2  3  8 12 15
I  17 18 20 23 25
N   0 31 36 39 43 45
G   0 50 54 55 58 60
O  62 66 71 73 75

---> Calling: G 54
B   0  2  3 11 12 14
I  17 23 27 28 30
N   0 33 34 42 43 45
G   0 46 52 53 54 60
O  63 64 70 72 74

B   0  1  2 13 14 15
I  20 22 24 25 30
N  31 33 35 40 41
G   0 46 52 54 57 58
O  61 65 69 70 75

B   0  3  5  6 11 14
I  16 24 26 28 29
N   0 34 36 41 43 44
G   0 47 54 55 58 60
O  61 66 67 72 74

B   2  3  8 12 15
I  17 18 20 23 25
N   0 31 36 39 43 45
G   0 50 54 55 58 60
O  62 66 71 73 75

---> Calling: O 61
B   0  2  3 11 12 14
I  17 23 27 28 30
N   0 33 34 42 43 45
G   0 46 52 53 54 60
O  63 64 70 72 74

B   0  1  2 13 14 15
I  20 22 24 25 30
N  31 33 35 40 41
G   0 46 52 54 57 58
O   0 61 65 69 70 75

B   0  3  5  6 11 14
I  16 24 26 28 29
N   0 34 36 41 43 44
G   0 47 54 55 58 60
O   0 61 66 67 72 74

B   2  3  8 12 15
I  17 18 20 23 25
N   0 31 36 39 43 45
G   0 50 54 55 58 60
O  62 66 71 73 75

---> Calling: O 74
B   0  2  3 11 12 14
I  17 23 27 28 30
N   0 33 34 42 43 45
G   0 46 52 53 54 60
O   0 63 64 70 72 74

B   0  1  2 13 14 15
I  20 22 24 25 30
N  31 33 35 40 41
G   0 46 52 54 57 58
O   0 61 65 69 70 75

B   0  3  5  6 11 14
I  16 24 26 28 29
N   0 34 36 41 43 44
G   0 47 54 55 58 60
O   0 61 66 67 72 74

B   2  3  8 12 15
I  17 18 20 23 25
N   0 31 36 39 43 45
G   0 50 54 55 58 60
O  62 66 71 73 75

---> Calling: N 40
B   0  2  3 11 12 14
I  17 23 27 28 30
N   0 33 34 42 43 45
G   0 46 52 53 54 60
O   0 63 64 70 72 74

B   0  1  2 13 14 15
I  20 22 24 25 30
N   0 31 33 35 40 41
G   0 46 52 54 57 58
O   0 61 65 69 70 75

B   0  3  5  6 11 14
I  16 24 26 28 29
N   0 34 36 41 43 44
G   0 47 54 55 58 60
O   0 61 66 67 72 74

B   2  3  8 12 15
I  17 18 20 23 25
N   0 31 36 39 43 45
G   0 50 54 55 58 60
O  62 66 71 73 75

---> Calling: O 69
B   0  2  3 11 12 14
I  17 23 27 28 30
N   0 33 34 42 43 45
G   0 46 52 53 54 60
O   0 63 64 70 72 74

B   0  1  2 13 14 15
I  20 22 24 25 30
N   0 31 33 35 40 41
G   0 46 52 54 57 58
O   0 61 65 69 70 75

B   0  3  5  6 11 14
I  16 24 26 28 29
N   0 34 36 41 43 44
G   0 47 54 55 58 60
O   0 61 66 67 72 74

B   2  3  8 12 15
I  17 18 20 23 25
N   0 31 36 39 43 45
G   0 50 54 55 58 60
O  62 66 71 73 75

---> Calling: O 72
B   0  2  3 11 12 14
I  17 23 27 28 30
N   0 33 34 42 43 45
G   0 46 52 53 54 60
O   0 63 64 70 72 74

B   0  1  2 13 14 15
I  20 22 24 25 30
N   0 31 33 35 40 41
G   0 46 52 54 57 58
O   0 61 65 69 70 75

B   0  3  5  6 11 14
I  16 24 26 28 29
N   0 34 36 41 43 44
G   0 47 54 55 58 60
O   0 61 66 67 72 74

B   2  3  8 12 15
I  17 18 20 23 25
N   0 31 36 39 43 45
G   0 50 54 55 58 60
O  62 66 71 73 75

---> Calling: N 43
B   0  2  3 11 12 14
I  17 23 27 28 30
N   0 33 34 42 43 45
G   0 46 52 53 54 60
O   0 63 64 70 72 74

B   0  1  2 13 14 15
I  20 22 24 25 30
N   0 31 33 35 40 41
G   0 46 52 54 57 58
O   0 61 65 69 70 75

B   0  3  5  6 11 14
I  16 24 26 28 29
N   0 34 36 41 43 44
G   0 47 54 55 58 60
O   0 61 66 67 72 74

B   2  3  8 12 15
I  17 18 20 23 25
N   0 31 36 39 43 45
G   0 50 54 55 58 60
O  62 66 71 73 75

---> Calling: N 43
B   0  2  3 11 12 14
I  17 23 27 28 30
N   0 33 34 42 43 45
G   0 46 52 53 54 60
O   0 63 64 70 72 74

B   0  1  2 13 14 15
I  20 22 24 25 30
N   0 31 33 35 40 41
G   0 46 52 54 57 58
O   0 61 65 69 70 75

B   0  3  5  6 11 14
I  16 24 26 28 29
N   0 34 36 41 43 44
G   0 47 54 55 58 60
O   0 61 66 67 72 74

B   2  3  8 12 15
I  17 18 20 23 25
N   0 31 36 39 43 45
G   0 50 54 55 58 60
O  62 66 71 73 75

---> Calling: N 39
B   0  2  3 11 12 14
I  17 23 27 28 30
N   0 33 34 42 43 45
G   0 46 52 53 54 60
O   0 63 64 70 72 74

B   0  1  2 13 14 15
I  20 22 24 25 30
N   0 31 33 35 40 41
G   0 46 52 54 57 58
O   0 61 65 69 70 75

B   0  3  5  6 11 14
I  16 24 26 28 29
N   0 34 36 41 43 44
G   0 47 54 55 58 60
O   0 61 66 67 72 74

B   2  3  8 12 15
I  17 18 20 23 25
N   0 31 36 39 43 45
G   0 50 54 55 58 60
O  62 66 71 73 75

---> Calling: G 54
B   0  2  3 11 12 14
I  17 23 27 28 30
N   0 33 34 42 43 45
G   0 46 52 53 54 60
O   0 63 64 70 72 74

B   0  1  2 13 14 15
I  20 22 24 25 30
N   0 31 33 35 40 41
G   0 46 52 54 57 58
O   0 61 65 69 70 75

B   0  3  5  6 11 14
I  16 24 26 28 29
N   0 34 36 41 43 44
G   0 47 54 55 58 60
O   0 61 66 67 72 74

B   2  3  8 12 15
I  17 18 20 23 25
N   0 31 36 39 43 45
G   0 50 54 55 58 60
O  62 66 71 73 75

---> Calling: O 65
B   0  2  3 11 12 14
I  17 23 27 28 30
N   0 33 34 42 43 45
G   0 46 52 53 54 60
O   0 63 64 70 72 74

B   0  1  2 13 14 15
I  20 22 24 25 30
N   0 31 33 35 40 41
G   0 46 52 54 57 58
O   0 61 65 69 70 75

B   0  3  5  6 11 14
I  16 24 26 28 29
N   0 34 36 41 43 44
G   0 47 54 55 58 60
O   0 61 66 67 72 74

B   2  3  8 12 15
I  17 18 20 23 25
N   0 31 36 39 43 45
G   0 50 54 55 58 60
O  62 66 71 73 75

---> Calling: O 70
B   0  2  3 11 12 14
I  17 23 27 28 30
N   0 33 34 42 43 45
G   0 46 52 53 54 60
O   0 63 64 70 72 74

B   0  1  2 13 14 15
I  20 22 24 25 30
N   0 31 33 35 40 41
G   0 46 52 54 57 58
O   0 61 65 69 70 75

B   0  3  5  6 11 14
I  16 24 26 28 29
N   0 34 36 41 43 44
G   0 47 54 55 58 60
O   0 61 66 67 72 74

B   2  3  8 12 15
I  17 18 20 23 25
N   0 31 36 39 43 45
G   0 50 54 55 58 60
O  62 66 71 73 75

---> Calling: I 18
B   0  2  3 11 12 14
I  17 23 27 28 30
N   0 33 34 42 43 45
G   0 46 52 53 54 60
O   0 63 64 70 72 74

B   0  1  2 13 14 15
I  20 22 24 25 30
N   0 31 33 35 40 41
G   0 46 52 54 57 58
O   0 61 65 69 70 75

B   0  3  5  6 11 14
I  16 24 26 28 29
N   0 34 36 41 43 44
G   0 47 54 55 58 60
O   0 61 66 67 72 74

B   2  3  8 12 15
I   0 17 18 20 23 25
N   0 31 36 39 43 45
G   0 50 54 55 58 60
O  62 66 71 73 75

---> Calling: O 70
B   0  2  3 11 12 14
I  17 23 27 28 30
N   0 33 34 42 43 45
G   0 46 52 53 54 60
O   0 63 64 70 72 74

B   0  1  2 13 14 15
I  20 22 24 25 30
N   0 31 33 35 40 41
G   0 46 52 54 57 58
O   0 61 65 69 70 75

B   0  3  5  6 11 14
I  16 24 26 28 29
N   0 34 36 41 43 44
G   0 47 54 55 58 60
O   0 61 66 67 72 74

B   2  3  8 12 15
I   0 17 18 20 23 25
N   0 31 36 39 43 45
G   0 50 54 55 58 60
O  62 66 71 73 75

---> Calling: B 15
B   0  2  3 11 12 14
I  17 23 27 28 30
N   0 33 34 42 43 45
G   0 46 52 53 54 60
O   0 63 64 70 72 74

B   0  1  2 13 14 15
I  20 22 24 25 30
N   0 31 33 35 40 41
G   0 46 52 54 57 58
O   0 61 65 69 70 75

B   0  3  5  6 11 14
I  16 24 26 28 29
N   0 34 36 41 43 44
G   0 47 54 55 58 60
O   0 61 66 67 72 74

B   0  2  3  8 12 15
I   0 17 18 20 23 25
N   0 31 36 39 43 45
G   0 50 54 55 58 60
O  62 66 71 73 75

---> Calling: B 7
B   0  2  3 11 12 14
I  17 23 27 28 30
N   0 33 34 42 43 45
G   0 46 52 53 54 60
O   0 63 64 70 72 74

B   0  1  2 13 14 15
I  20 22 24 25 30
N   0 31 33 35 40 41
G   0 46 52 54 57 58
O   0 61 65 69 70 75

B   0  3  5  6 11 14
I  16 24 26 28 29
N   0 34 36 41 43 44
G   0 47 54 55 58 60
O   0 61 66 67 72 74

B   0  2  3  8 12 15
I   0 17 18 20 23 25
N   0 31 36 39 43 45
G   0 50 54 55 58 60
O  62 66 71 73 75

---> Calling: N 45
B   0  2  3 11 12 14
I  17 23 27 28 30
N   0 33 34 42 43 45
G   0 46 52 53 54 60
O   0 63 64 70 72 74

B   0  1  2 13 14 15
I  20 22 24 25 30
N   0 31 33 35 40 41
G   0 46 52 54 57 58
O   0 61 65 69 70 75

B   0  3  5  6 11 14
I  16 24 26 28 29
N   0 34 36 41 43 44
G   0 47 54 55 58 60
O   0 61 66 67 72 74

B   0  2  3  8 12 15
I   0 17 18 20 23 25
N   0 31 36 39 43 45
G   0 50 54 55 58 60
O  62 66 71 73 75

---> Calling: G 50
B   0  2  3 11 12 14
I  17 23 27 28 30
N   0 33 34 42 43 45
G   0 46 52 53 54 60
O   0 63 64 70 72 74

B   0  1  2 13 14 15
I  20 22 24 25 30
N   0 31 33 35 40 41
G   0 46 52 54 57 58
O   0 61 65 69 70 75

B   0  3  5  6 11 14
I  16 24 26 28 29
N   0 34 36 41 43 44
G   0 47 54 55 58 60
O   0 61 66 67 72 74

B   0  2  3  8 12 15
I   0 17 18 20 23 25
N   0 31 36 39 43 45
G   0 50 54 55 58 60
O  62 66 71 73 75

---> Calling: B 14
B   0  2  3 11 12 14
I  17 23 27 28 30
N   0 33 34 42 43 45
G   0 46 52 53 54 60
O   0 63 64 70 72 74

B   0  1  2 13 14 15
I  20 22 24 25 30
N   0 31 33 35 40 41
G   0 46 52 54 57 58
O   0 61 65 69 70 75

B   0  3  5  6 11 14
I  16 24 26 28 29
N   0 34 36 41 43 44
G   0 47 54 55 58 60
O   0 61 66 67 72 74

B   0  2  3  8 12 15
I   0 17 18 20 23 25
N   0 31 36 39 43 45
G   0 50 54 55 58 60
O  62 66 71 73 75

---> Calling: B 10
B   0  2  3 11 12 14
I  17 23 27 28 30
N   0 33 34 42 43 45
G   0 46 52 53 54 60
O   0 63 64 70 72 74

B   0  1  2 13 14 15
I  20 22 24 25 30
N   0 31 33 35 40 41
G   0 46 52 54 57 58
O   0 61 65 69 70 75

B   0  3  5  6 11 14
I  16 24 26 28 29
N   0 34 36 41 43 44
G   0 47 54 55 58 60
O   0 61 66 67 72 74

B   0  2  3  8 12 15
I   0 17 18 20 23 25
N   0 31 36 39 43 45
G   0 50 54 55 58 60
O  62 66 71 73 75

---> Calling: B 12
B   0  2  3 11 12 14
I  17 23 27 28 30
N   0 33 34 42 43 45
G   0 46 52 53 54 60
O   0 63 64 70 72 74

B   0  1  2 13 14 15
I  20 22 24 25 30
N   0 31 33 35 40 41
G   0 46 52 54 57 58
O   0 61 65 69 70 75

B   0  3  5  6 11 14
I  16 24 26 28 29
N   0 34 36 41 43 44
G   0 47 54 55 58 60
O   0 61 66 67 72 74

B   0  2  3  8 12 15
I   0 17 18 20 23 25
N   0 31 36 39 43 45
G   0 50 54 55 58 60
O  62 66 71 73 75

---> Calling: O 62
B   0  2  3 11 12 14
I  17 23 27 28 30
N   0 33 34 42 43 45
G   0 46 52 53 54 60
O   0 63 64 70 72 74

B   0  1  2 13 14 15
I  20 22 24 25 30
N   0 31 33 35 40 41
G   0 46 52 54 57 58
O   0 61 65 69 70 75

B   0  3  5  6 11 14
I  16 24 26 28 29
N   0 34 36 41 43 44
G   0 47 54 55 58 60
O   0 61 66 67 72 74

B   0  2  3  8 12 15
I   0 17 18 20 23 25
N   0 31 36 39 43 45
G   0 50 54 55 58 60
O   0 62 66 71 73 75

!!! Player 31 says BINGO !!!
28 chips were called.

Process finished with exit code 0
